Mean: 24.0
Median: 20.0
Variance: 104.0
Std Dev: 10.198039027185569
Time: 0.00044226646423339844
